25.000 50.000 25.000 
32.000 67.000 21.000 
41.000 100.000 16.000 
41.000 145.000 32.000 
45.000 191.000 31.000 
49.000 214.000 25.000 
74.000 227.000 39.000 
96.000 215.000 52.000 
127.000 211.000 51.000 
159.000 209.000 47.000 
172.000 202.000 44.000 
199.000 194.000 45.000 
214.000 184.000 43.000 
220.000 165.000 51.000 
224.000 142.000 45.000 
221.000 118.000 53.000 
234.000 96.000 49.000 
262.000 96.000 53.000 
291.000 94.000 50.000 
319.000 77.000 53.000 
351.000 82.000 46.000 
359.000 127.000 67.000 
365.000 151.000 69.000 
375.000 197.000 65.000 
386.000 239.000 71.000 
375.000 250.000 75.000 
